0.000738916  0.000506929  -0.000280542  -0.0197404  -0.0940724  -0.0508623  
0.000398775  0.000441397  -0.000392114  -0.0205309  -0.0770007  -0.0508973  
0.000708094  0.00049106  -0.000206218  -0.0192384  -0.0479645  -0.0425558  
0.000696171  0.000795082  -0.00042099  -0.0224924  -0.0697686  -0.0492799  
0.00074942  0.000854618  -0.000464192  -0.0330711  -0.0637126  -0.0830072  
0.000582387  0.000744969  -0.000400932  -0.0503907  -0.0697253  -0.0664423  
0.000470665  0.000834059  -0.000291181  -0.0171574  -0.0697771  -0.0372956  
-0.000236092  0.000886121  -0.000268369  -0.0179444  -0.0818176  -0.01242  
5.07617e-05  0.000885548  -0.000286158  -0.0286856  -0.0857991  -0.0123312  
-0.000215238  0.000959646  -0.000400932  -0.028655  -0.0599797  0.0183328  
9.05217e-05  0.000805644  -0.000300381  -0.0287431  -0.0384941  0.00436513  
-0.000522649  0.000634849  -0.00023344  -0.0258832  -0.00714305  0.0471675  
-0.000588094  0.000584343  -0.000341877  -0.028764  -0.0165071  0.0393735  
-0.000394235  0.000619886  -0.000400931  -0.0255375  8.30688e-06  0.0850926  
7.08749e-05  0.000670528  -0.000400931  -0.023228  -0.00869991  0.0802058  
-0.000768467  0.000559181  -0.000400931  -0.0167353  -0.0161254  0.0801252  
-0.000435395  0.000925936  -0.000400931  -0.0130681  -0.00173767  0.0666008  
-0.000129131  0.00114564  -0.000725636  -0.013378  0.00832592  0.0350019  
-0.00102485  0.000931605  -0.000751839  -0.0195164  -0.0371263  0.0259959  
-0.000507544  0.00101102  -0.000764095  -0.00968268  -0.0512774  -0.0293045  
-0.00015638  0.00134508  -0.000400932  -0.0285767  -0.0224442  -0.0217614  
-0.000789015  0.000478616  -0.000862436  -0.0286543  -0.0423621  -0.0225742  
-0.000609425  0.00088375  -0.000809294  -0.0286188  -0.0310859  -0.0333482  
-0.000290875  0.000879962  -0.000738037  -0.0286516  -0.0337746  -0.0296551  
-0.000287569  0.000620948  -0.000862435  -0.0384341  -0.0371708  -0.0332414  
-0.0004344  0.00112202  -0.00109594  -0.0285005  -0.0513605  -0.0086404  
-0.000108294  0.00102446  -0.000862435  -0.0117786  -0.0295209  0.0174393  
-0.000385205  0.000604348  -0.000802739  -0.0115311  -0.03902  0.0343841  
-1.3376e-05  0.000604348  -0.000862435  -0.0103496  -0.0291657  0.00770688  
-0.000396731  0.000604348  -0.000862435  -0.00052128  -0.0265552  0.0333019  
0.000199548  0.000604348  -0.00065044  -0.000547105  -0.0271263  -0.0131554  
-0.00106545  0.000604348  -0.000426538  0.00751646  -0.0325131  0.0391159  
-0.000380525  0.000533994  -0.000543665  0.0106322  -0.0122639  0.0532216  
2.19418e-05  0.000404794  -0.000535779  -0.000543471  -0.0017508  0.0510562  
-7.05411e-05  0.000403433  -0.000489433  -0.00055493  -0.0134401  0.0452502  
-0.000257699  0.00016772  -0.000573144  -0.000568909  -0.0157718  0.015102  
0.000147745  5.04056e-05  -0.000720994  -0.0130643  -0.0158108  0.0193489  
0.000304234  -9.9375e-05  -0.000733094  -0.0234867  -0.0157752  0.0127158  
0.000304234  -0.000367069  -0.000574814  -0.0262086  -0.0157652  0.0152181  
-0.000383375  0.00018072  -0.000493719  -0.0305716  0.0045873  0.0105593  
0.000263144  -3.94604e-05  -0.000429963  -0.0228018  -0.0157356  -0.0151384  
-0.000854057  -1.79516e-05  -0.000400258  -0.0222388  -0.00474866  0.015276  
-0.000396367  6.08678e-05  -0.000483595  -0.0226186  -0.0157227  0.00952866  
-0.000468155  -4.63428e-05  -0.000472281  -0.0200441  -0.0157241  0.00725502  
0.000283891  1.51436e-05  -0.000307258  -0.0154874  -0.0157482  -0.0339161  
7.14464e-05  6.83836e-05  -0.000403035  -0.0193306  -0.015753  -0.0162424  
7.14464e-05  -5.39632e-05  -4.74745e-05  -0.0155263  -0.0157238  -0.00026633  
7.14464e-05  -0.00017342  -0.000363162  -0.0218409  -0.0340222  -0.020257  
7.14464e-05  -0.000168406  -0.000273194  -0.0155825  0.00581056  0.00492807  
-0.000112417  -2.28964e-05  -0.000156062  -0.0110484  -0.0233319  0.0295341  
-0.00107631  -0.000289861  -0.000187507  -0.0180574  -0.0140422  0.0425423  
-0.00017895  -0.000200845  6.59793e-05  -0.0155653  0.00289657  0.0174803  
-7.765e-05  0.0001151  6.59793e-05  -0.00343457  -0.00364279  -0.00836389  
-0.000469074  0.000188447  6.59793e-05  0.001265  0.00563124  0.0317488  
-0.000531298  -6.42118e-05  0.000124528  0.0147202  0.0148797  0.00713731  
-0.00113267  -0.000289861  0.000119026  0.0147278  0.010785  0.0208489  
-0.000378674  -0.000289861  0.000205775  0.0147318  0.0312989  0.0510296  
-0.000474286  -0.000234085  0.000144082  0.0147201  0.0212793  0.0510304  
-0.00103241  -0.000202139  6.59793e-05  0.00159307  0.0256587  0.0510587  
-0.000275984  -6.7807e-05  0.00016795  -0.00957288  0.0275841  0.0510649  
-0.000395473  -0.000289861  6.59793e-05  -0.00292994  0.0264095  0.0510579  
-5.00132e-06  -0.000532332  6.59793e-05  -0.0168545  0.021296  0.051042  
-0.000310156  3.58149e-05  6.59793e-05  -0.00381216  -0.00480105  0.0269618  
-0.000477646  2.61108e-05  6.59793e-05  -0.00326847  0.0283636  0.0718298  
-0.000458992  -0.000124563  6.59793e-05  0.000615244  0.030713  0.026945  
-0.000373343  -0.000200941  6.59793e-05  0.00565491  0.0158949  0.0357029  
-0.000775985  -0.000107852  6.59793e-05  0.00599612  0.0297622  0.0356885  
-0.000201545  -0.000354062  6.59793e-05  0.00258428  0.0336486  0.035702  
-0.000331298  -0.000196667  -7.50375e-05  0.00643338  0.0305076  0.0679408  
-0.000776519  -0.000198779  6.59793e-05  0.00167637  0.033185  0.0466531  
1.18709e-05  -0.000298262  6.59793e-05  -0.00121206  0.0272395  0.0357386  
0.000250501  -0.000356235  6.59793e-05  -0.0242834  0.0736171  0.0400257  
-0.000368866  -0.000297014  6.59793e-05  -0.0343674  0.0676064  0.0559705  
0.000131369  -0.000356235  6.59793e-05  -0.0256026  0.0967977  0.0642683  
0.000327261  -0.00076257  6.59793e-05  -0.0342917  0.109066  0.089228  
0.000503208  -0.00076257  6.59793e-05  -0.030545  0.119839  0.0793905  
-0.000499199  -0.000663089  6.59793e-05  -0.0342961  0.0657555  0.0959732  
-0.000104403  -0.000660824  6.59793e-05  -0.0342482  0.0522969  0.128311  
0.000435705  -0.00115838  6.59793e-05  -0.0341548  0.0666893  0.128276  
0.00118566  -0.00107819  0.000151954  -0.0238763  0.0820453  0.117095  
0.000203549  -0.00107819  6.59793e-05  -0.0219163  0.0845796  0.128283  
0.000373178  -0.00101203  6.59793e-05  -0.0341838  0.0729225  0.13344  
0.000762248  -0.00107819  -3.96637e-05  -0.0341731  0.0714805  0.147552  
0.000582361  -0.000729074  -6.02355e-07  -0.0342488  0.0772766  0.130532  
0.000913597  -0.00107819  0.000229732  -0.025907  0.105447  0.128088  
0.000967299  -0.00142875  0.000148792  -0.0341306  0.125954  0.0960433  
0.000764417  -0.000989937  6.59793e-05  -0.0341805  0.0917518  0.108385  
0.000587757  -0.000723466  6.59793e-05  -0.0342445  0.0730315  0.111902  
0.000448769  -0.00119365  6.59793e-05  -0.0341493  0.0778444  0.114249  
0.000421659  -0.00125441  6.59793e-05  -0.0341345  0.0859964  0.161604  
0.000898776  -0.000794183  6.59793e-05  -0.0307183  0.0956857  0.126289  
0.000421544  -0.00108387  6.59793e-05  -0.0287888  0.0991249  0.138151  
2.777e-05  -0.00115445  0.000284667  -0.0341194  0.0960536  0.114707  
0.000984744  -0.00119573  6.59793e-05  -0.0341326  0.0779829  0.138971  
0.000926782  -0.00115512  0.000391198  -0.0301768  0.108411  0.120719  
0.000349745  -0.00124533  0.000357942  -0.0165342  0.103254  0.130041  
0.000428449  -0.00124533  0.000266815  -0.00815086  0.101187  0.178966  
0.000499271  -0.00107308  6.59793e-05  -0.0229076  0.0917814  0.178959  
0.000375064  -0.00124533  6.59793e-05  -0.028417  0.120563  0.164221  
0.000401223  -0.00124533  0.000182488  -0.0146346  0.143705  0.184794  
0.000931963  -0.000833635  6.59793e-05  -0.0169529  0.117988  0.185147  
0.00031736  -0.00108236  6.59793e-05  -0.0236537  0.139393  0.216796  
0.00123332  -0.00131736  0.000269735  -0.0319912  0.129614  0.182268  
0.000713083  -0.00140551  6.59794e-05  -0.0339968  0.130722  0.185339  
0.000727138  -0.00130424  0  -0.0492179  0.124305  0.134442  
