0.00084318  0.000588701  -0.000283123  -0.0206404  -0.0881678  -0.0615747  
0.000587307  0.000480825  -0.000325649  -0.0206514  -0.0710605  -0.046486  
0.00093307  0.000588701  -0.000393658  -0.0206181  -0.0467223  -0.0352064  
0.000550089  0.000815823  -0.000393657  -0.020571  -0.0727421  -0.0498303  
0.000858128  0.000588701  -0.000393658  -0.0206181  -0.0605914  -0.0831446  
0.000573279  0.000588701  -0.000393658  -0.0385857  -0.0781856  -0.0555926  
0.000429305  0.000588701  -0.000393657  -0.0206181  -0.0768185  -0.0365237  
-0.000254708  0.000588701  -0.00024109  -0.0206296  -0.0872631  -0.0123458  
0.000152828  0.000720866  -8.47254e-05  -0.0206559  -0.0679608  -0.0221513  
-4.00897e-05  0.000533092  -0.000414086  -0.0356126  -0.0482836  0.0215675  
0.000129333  0.000657091  -0.000345062  -0.0310691  -0.0322523  0.0115563  
-0.000765383  0.000532691  -0.000234163  -0.0259761  -0.010863  0.0501822  
-0.000727558  0.000588701  -0.000357667  -0.0339324  -0.0182596  0.0308001  
-0.000419514  0.000588701  -0.000385311  -0.0207119  0.0102798  0.0763717  
0.000283079  0.000588701  -0.000444904  -0.0206541  -0.00663272  0.0798727  
-0.000757741  0.000515897  -0.000332561  -0.0206549  -0.00659568  0.0793902  
-0.000379217  0.000803689  -0.000504348  -0.00888663  -0.00137848  0.0623656  
-5.41448e-05  0.000909981  -0.000883001  -0.0137552  0.0153859  0.0347673  
-0.000795155  0.000950985  -0.000883  -0.0205885  -0.0348642  0.0299262  
-0.000548938  0.000856436  -0.000883  -0.0107329  -0.0426847  -0.0285982  
-7.11473e-05  0.00128426  -0.000449158  -0.020538  -0.0234626  -0.0211493  
-0.000686161  0.000447893  -0.000883  -0.0277218  -0.0426647  -0.0286121  
-0.000379217  0.00105949  -0.000799226  -0.0251017  -0.0362387  -0.028612  
-0.000174253  0.000804442  -0.000600841  -0.0205977  -0.0199572  -0.042651  
-0.000235035  0.000588701  -0.000889927  -0.0380068  -0.0368974  -0.0374671  
-0.000295184  0.00111011  -0.000955917  -0.0338544  -0.0526349  -0.0119739  
-3.92053e-06  0.000588701  -0.00073218  -0.0019323  -0.0305149  0.014442  
-0.000474904  0.000588701  -0.000621064  -0.00194481  -0.0427576  0.0342465  
3.02806e-05  0.000588701  -0.000464028  -0.0019612  -0.0279343  0.00762626  
-0.000127844  0.000330973  -0.000746934  -0.00195043  -0.026195  0.0351143  
6.98528e-05  0.000588701  -0.000464028  -0.0019612  -0.0357637  -0.0172961  
-0.000860914  0.000588701  -0.000668146  0.00794284  -0.0350764  0.0331552  
-0.00024476  0.000588701  -0.000464028  0.0101508  -0.0128135  0.0521313  
-9.7181e-05  0.000392655  -0.000464028  -0.00196325  -0.00237956  0.0393958  
-0.000134172  0.000362108  -0.000464028  -0.00196707  -0.0152351  0.0446888  
-0.000326364  0.000139681  -0.000464028  -0.00199023  -0.0184162  0.0290133  
0.000160386  0.000406222  -0.000525378  -0.0120231  -0.0185567  0.0216279  
-6.02843e-05  -0.000114761  -0.000464028  -0.0321958  -0.0185429  0.0119138  
0.000226146  -0.000137577  -0.000464028  -0.0321954  -0.0185657  0.0290457  
-0.000135185  -0.000137577  -0.000464028  -0.0321954  0.00637511  0.0173316  
0.000600685  0.000288726  -0.000274181  -0.0282352  -0.00846214  0.00426586  
-0.000702764  -7.40597e-05  -0.000372127  -0.0266931  0.00700592  0.00418565  
-0.000441423  0.000288726  -0.000400229  -0.0242229  -0.015854  0.00414253  
-0.000208674  0.000288726  -0.00024914  -0.0268493  -0.0120808  0.00979016  
0.000231013  0.000288726  -0.000221941  -0.0023978  -0.0185824  -0.0438723  
-4.12278e-05  9.54717e-05  -0.000388889  -0.00706858  -0.0185563  0.00190139  
-1.65844e-05  0.000200391  0  -0.0187283  -0.0185613  0.00190367  
0.000253138  -0.00014878  -0.000328918  -0.0260883  -0.0185792  -0.0223611  
-2.485e-05  -0.000161204  -0.000275429  -0.0208394  0.00188541  0.0164686  
-0.000344333  6.90212e-06  -0.000123777  -0.0112158  -0.0185177  0.0228805  
-0.00083496  -5.93614e-05  0  -0.0242228  -8.62022e-05  0.0462482  
-0.000124501  -0.000450584  0  -4.22236e-06  0.00604828  0.0118781  
0  -0  0  0  0  0  
-0.00055674  -0.000155537  0  2.25418e-06  -8.06189e-06  0.0410695  
-0.000660636  -0  0  0.00799042  0.0153726  0.00396919  
-0.00119101  -0  9.92875e-05  0.00440193  8.59546e-05  0.0151232  
-0.000478286  -0  0  0.00768941  0.031488  0.0410775  
-0.000505074  -0  7.8728e-05  -5.3762e-06  0.0275654  0.0622917  
-0.00111859  -0  0.000188604  -4.90691e-06  0.0173375  0.0546947  
-0.000143531  -0.000160811  9.36824e-05  -0.00888144  0.029562  0.0484203  
-0.000417318  -0.000326524  0.000185286  3.88928e-05  0.0173813  0.0507829  
-4.04553e-05  -0.000407044  0  -0.0162029  0.0173825  0.0559291  
-0.000443753  0.00025674  0  -1.76617e-05  -0.00588406  0.0327858  
-0.000574122  -0.000407045  0.000155438  0.00343118  0.0352095  0.0614913  
-0.000471162  -0.000200267  0.000225247  5.96533e-05  0.0308737  0.0256772  
-0.000287336  -0.000332964  0  0.00587429  0.01615  0.046665  
-0.000885631  -1.64488e-05  7.08784e-05  0.00483288  0.0221268  0.0395019  
-0.000416939  -0.000256047  0  2.7505e-05  0.0263509  0.036663  
-0.000426839  -3.03595e-06  -8.79852e-05  6.53295e-06  0.0313404  0.0673789  
-0.000540819  -0.000232272  9.58e-05  3.30476e-05  0.0395269  0.0467633  
-2.42496e-06  -0.000384956  0  -0.00470013  0.0244277  0.0367021  
0.000230051  -0.000256141  0  -0.0186695  0.0734674  0.0397529  
-0.000369827  -0.000337522  0  -0.0222808  0.0760671  0.0526525  
0.000230051  -0.000688435  0  -0.0234905  0.0939191  0.0648804  
0.000170854  -0.000688435  0  -0.0304121  0.0972514  0.09259  
0.000333397  -0.000688435  0  -0.0311717  0.110425  0.0724367  
-0.000600825  -0.000688435  -0.000136089  -0.0257297  0.0642483  0.100817  
0.000108664  -0.000854044  0  -0.0377431  0.047159  0.11305  
0.000321988  -0.00114244  0  -0.0356265  0.0692041  0.129302  
0.00127235  -0.00101609  0  -0.0233709  0.0859152  0.109578  
0.000287448  -0.000821966  0.000310661  -0.0239564  0.0877283  0.12929  
0.000538165  -0.000773507  5.29396e-23  -0.0377589  0.0714937  0.14422  
0.00104724  -0.00100199  0  -0.0336702  0.0860706  0.159377  
0.00064558  -0.000873247  5.97524e-05  -0.0377322  0.0795727  0.139469  
0.00118745  -0.00110361  0.000236314  -0.0302135  0.104244  0.132696  
0.000425704  -0.00108805  0  -0.0377118  0.115697  0.104453  
0.000656747  -0.00071261  0  -0.0377568  0.0918128  0.11008  
0.000465145  -0.00106731  0  -0.0377321  0.072279  0.104655  
0.00020936  -0.00118324  0  -0.0376913  0.0765986  0.121524  
0.00020936  -0.00111252  0  -0.0377085  0.083021  0.15119  
0.000994951  -0.000747331  0.000135478  -0.0310417  0.0934056  0.124789  
0.00055518  -0.00106424  0.00018944  -0.0376803  0.0962339  0.138777  
3.64787e-05  -0.00109053  0.000278626  -0.0376707  0.0963637  0.124527  
0.0011842  -0.00120861  0  -0.0376692  0.0801431  0.128495  
0.0011842  -0.0011476  0.000244588  -0.0322354  0.115742  0.11842  
0.000474192  -0.0011476  0.000366853  -0.0119724  0.0984424  0.130173  
0.000584661  -0.0011476  0.000331939  -0.00640122  0.0984403  0.176781  
0.000606974  -0.00122572  0.000298229  -0.0216776  0.098426  0.176764  
0.000385516  -0.00119829  0.00029823  -0.0251777  0.12121  0.168606  
0.00034115  -0.00118804  0.00029823  -0.00978499  0.141428  0.184708  
0.000952316  -0.000852977  4.00693e-05  -0.0133833  0.118385  0.187859  
0.000456847  -0.00122386  5.09917e-05  -0.0097995  0.133098  0.214907  
0.00124427  -0.00130545  0.00029823  -0.0288127  0.134919  0.187284  
0.000730933  -0.00153675  7.29802e-05  -0.0305317  0.127386  0.185354  
0.000727138  -0.00130424  0  -0.0492179  0.124305  0.134442  
